-3.	-2.1158355103447612
-2.99	-2.1071431567596446
-2.98	-2.098454754510911
-2.97	-2.089770324945788
-2.96	-2.0810898928654553
-2.95	-2.072413482646806
-2.94	-2.06374111889072
-2.93	-2.055072826424912
-2.92	-2.0464086303066837
-2.91	-2.0377485558258224
-2.9	-2.0290926285074904
-2.89	-2.0204408741151476
-2.88	-2.0117933186535875
-2.87	-2.0031499883719244
-2.86	-1.9945109097667573
-2.85	-1.9858761095852393
-2.84	-1.9772456148282878
-2.83	-1.9686194527539111
-2.82	-1.9599976508803658
-2.81	-1.9513802369895799
-2.8	-1.9427672391305608
-2.79	-1.9341586856228747
-2.78	-1.925554605060108
-2.77	-1.916955026313489
-2.76	-1.908359978535481
-2.75	-1.899769491163526
-2.74	-1.8911835939238182
-2.73	-1.8826023168350488
-2.7199999999999998	-1.8740256902123544
-2.71	-1.8654537446712478
-2.7	-1.8568865111316821
-2.69	-1.8483240208220693
-2.68	-1.8397663052834752
-2.67	-1.8312133963739035
-2.66	-1.8226653262725014
-2.65	-1.8141221274839958
-2.64	-1.8055838328432214
-2.63	-1.7970504755194823
-2.62	-1.7885220890213513
-2.61	-1.7799987072012484
-2.6	-1.7714803642602814
-2.59	-1.762967094753107
-2.58	-1.7544589335928502
-2.57	-1.7459559160561942
-2.56	-1.7374580777885018
-2.55	-1.728965454809051
-2.54	-1.7204780835163136
-2.53	-1.7119960006935144
-2.52	-1.7035192435139261
-2.51	-1.6950478495467765
-2.5	-1.6865818567627524
-2.49	-1.6781213035399465
-2.48	-1.669666228669785
-2.4699999999999998	-1.6612166713630903
-2.46	-1.6527726712562891
-2.45	-1.6443342684176356
-2.44	-1.6359015033537148
-2.4299999999999997	-1.6274744170158915
-2.42	-1.619053050807108
-2.41	-1.6106374465885274
-2.4	-1.602227646686563
-2.39	-1.5938236938999413
-2.38	-1.5854256315068909
-2.37	-1.5770335032724734
-2.36	-1.5686473534560958
-2.35	-1.5602672268192048
-2.34	-1.5518931686329853
-2.33	-1.5435252246864846
-2.32	-1.535163441294529
-2.31	-1.5268078653061916
-2.3	-1.5184585441131873
-2.29	-1.5101155256584613
-2.2800000000000002	-1.5017788584451053
-2.27	-1.4934485915452986
-2.26	-1.485124774609467
-2.25	-1.4768074578757675
-2.24	-1.4684966921796392
-2.23	-1.460192528963505
-2.2199999999999998	-1.4518950202868959
-2.21	-1.443604218836634
-2.2	-1.4353201779372562
-2.19	-1.427042951561665
-2.1799999999999997	-1.4187725943421348
-2.17	-1.4105091615813463
-2.16	-1.4022527092638346
-2.15	-1.394003294067678
-2.14	-1.3857609733763299
-2.13	-1.377525805290884
-2.12	-1.3692978486425047
-2.11	-1.3610771630051886
-2.1	-1.3528638087087654
-2.09	-1.3446578468523231
-2.08	-1.3364593393178028
-2.07	-1.3282683487840203
-2.06	-1.3200849387409401
-2.05	-1.311909173504374
-2.04	-1.3037411182309182
-2.0300000000000002	-1.2955808389333976
-2.02	-1.2874284024964935
-2.01	-1.2792838766929995
-2.	-1.2711473302001886
-1.99	-1.2630188326168474
-1.98	-1.2548984544805106
-1.97	-1.2467862672853833
-1.96	-1.2386823435003687
-1.95	-1.2305867565878894
-1.94	-1.2224995810230124
-1.93	-1.2144208923129969
-1.92	-1.206350767017575
-1.91	-1.1982892827695681
-1.9	-1.190236518296021
-1.89	-1.1821925534400755
-1.88	-1.174157469183239
-1.8699999999999999	-1.1661313476683306
-1.8599999999999999	-1.1581142722230304
-1.8499999999999999	-1.1501063273840189
-1.84	-1.1421075989218148
-1.83	-1.1341181738663106
-1.82	-1.126138140532927
-1.81	-1.1181675885495326
-1.8	-1.1102066088841067
-1.79	-1.102255293873207
-1.78	-1.0943137372511553
-1.77	-1.0863820341801027
-1.76	-1.0784602812809598
-1.75	-1.0705485766651393
-1.74	-1.062647019967318
-1.73	-1.054755712379024
-1.72	-1.0468747566832792
-1.71	-1.0390042572902864
-1.7	-1.0311443202740145
-1.69	-1.0232950534100724
-1.68	-1.0154565662145194
-1.67	-1.0076289699839918
-1.66	-0.9998123778369359
-1.65	-0.9920069047561298
-1.64	-0.9842126676324909
-1.63	-0.9764297853102609
-1.6199999999999999	-0.9686583786335514
-1.6099999999999999	-0.9608985704943065
-1.5999999999999999	-0.9531504858818431
-1.59	-0.945414251933878
-1.58	-0.9376899979891649
-1.57	-0.929977855641913
-1.56	-0.9222779587977368
-1.55	-0.9145904437316185
-1.54	-0.906915449147617
-1.53	-0.899253116240529
-1.52	-0.8916035887596211
-1.51	-0.8839670130743977
-1.5	-0.8763435382425576
-1.49	-0.8687333160802273
-1.48	-0.8611365012345383
-1.47	-0.8535532512585647
-1.46	-0.8459837266889111
-1.45	-0.838428091125919
-1.44	-0.830886511316442
-1.43	-0.8233591572397013
-1.42	-0.8158462021959363
-1.41	-0.8083478228982134
-1.4	-0.8008641995673347
-1.39	-0.7933955160302317
-1.38	-0.7859419598216224
-1.3699999999999999	-0.778503722289446
-1.3599999999999999	-0.7710809987039747
-1.3499999999999999	-0.7636739883707584
-1.3399999999999999	-0.7562828947476967
-1.33	-0.7489079255664094
-1.32	-0.7415492929578368
-1.31	-0.7342072135825211
-1.3	-0.726881908765678
-1.29	-0.7195736046371302
-1.28	-0.7122825322765796
-1.27	-0.7050089278640873
-1.26	-0.6977530328362659
-1.25	-0.6905150940484059
-1.24	-0.683295363942445
-1.23	-0.6760941007216037
-1.22	-0.6689115685314142
-1.21	-0.661748037647794
-1.2	-0.6546037846722167
-1.19	-0.6474790927344837
-1.18	-0.640374251703306
-1.17	-0.6332895584049818
-1.16	-0.6262253168506918
-1.15	-0.6191818384726954
-1.14	-0.612159442369654
-1.13	-0.6051584555618059
-1.1199999999999999	-0.5981792132561736
-1.1099999999999999	-0.5912220591222879
-1.0999999999999999	-0.5842873455789376
-1.0899999999999999	-0.5773754340924636
-1.08	-0.5704866954869486
-1.07	-0.5636215102670232
-1.06	-0.5567802689536481
-1.05	-0.5499633724337274
-1.04	-0.5431712323237968
-1.03	-0.5364042713487279
-1.02	-0.529662923736011
-1.01	-0.5229476356262621
-1.	-0.5162588655007534
-0.9899999999999998	-0.5095970846266782
-0.98	-0.5029627775210951
-0.9699999999999998	-0.4963564424341142
-0.96	-0.48977859185253214
-0.9500000000000002	-0.4832297530245516
-0.94	-0.47671046850678817
-0.9300000000000002	-0.4702212967344027
-0.9199999999999999	-0.46376281261550134
-0.9100000000000001	-0.4573356081508765
-0.8999999999999999	-0.4509402930803561
-0.8900000000000001	-0.4445774955568239
-0.8799999999999999	-0.438247862849299
-0.8700000000000001	-0.43195206207639575
-0.8599999999999999	-0.42569078097159263
-0.8500000000000001	-0.419464728681679
-0.8399999999999999	-0.4132746366000745
-0.8300000000000001	-0.4071212592366225
-0.8199999999999998	-0.40100537512534
-0.81	-0.3949277877722733
-0.7999999999999998	-0.38888932664498493
-0.79	-0.3828908482059381
-0.7799999999999998	-0.37693323699147024
-0.77	-0.3710174067389832
-0.7599999999999998	-0.36514430156410765
-0.75	-0.3593148971906673
-0.7399999999999998	-0.35353020223561377
-0.73	-0.34779125955172047
-0.7199999999999998	-0.34209914763065885
-0.71	-0.33645498206951435
-0.6999999999999997	-0.3308599171035325
-0.69	-0.32531514720843213
-0.6800000000000002	-0.31982190877551525
-0.6699999999999999	-0.31438148186316267
-0.6600000000000001	-0.3089951920282574
-0.6499999999999999	-0.30366441224141
-0.6400000000000001	-0.2983905648901233
-0.6299999999999999	-0.2931751238739807
-0.6200000000000001	-0.2880196167963558
-0.6099999999999999	-0.28292562725728515
-0.6000000000000001	-0.27789479725255384
-0.5899999999999999	-0.272928829683769
-0.5800000000000001	-0.26802949098519047
-0.5699999999999998	-0.2631986138727751
-0.56	-0.2584381002213666
-0.5499999999999998	-0.25374992407628383
-0.54	-0.24913613480595864
-0.5299999999999998	-0.24459886040229728
-0.52	-0.2401403109360089
-0.5099999999999998	-0.23576278217466645
-0.5	-0.231468659371125
-0.48999999999999977	-0.22726042123081688
-0.48	-0.22314064406666664
-0.4699999999999997	-0.2191120061506714
-0.45999999999999996	-0.21517729227193766
-0.44999999999999973	-0.21133939851109437
-0.4399999999999999	-0.20760133724185756
-0.43000000000000016	-0.20396631954055622
-0.41999999999999993	-0.20043757749877886
-0.4100000000000001	-0.19701810071502998
-0.3999999999999999	-0.19371204636897382
-0.3900000000000001	-0.1905227847184784
-0.3799999999999999	-0.18745418358228344
-0.3700000000000001	-0.18451023098374006
-0.3599999999999999	-0.18169508088363698
-0.3500000000000001	-0.17901306079783852
-0.33999999999999986	-0.17646867978138736
-0.33000000000000007	-0.17406663679726145
-0.31999999999999984	-0.17181182948820295
-0.31000000000000005	-0.16970936337187653
-0.2999999999999998	-0.16776456147970767
-0.29000000000000004	-0.16598297446133406
-0.27999999999999975	-0.1643703911774292
-0.2700000000000001	-0.1629328498047293
-0.2599999999999998	-0.16167664947840854
-0.25	-0.16060836249794547
-0.23999999999999974	-0.15973484712411706
-0.22999999999999995	-0.15906326099591442
-0.21999999999999975	-0.15860107519754893
-0.21	-0.15835608900728287
-0.19999999999999976	-0.15833644536133146
-0.18999999999999992	-0.15855064706746122
-0.18000000000000016	-0.1590075738047543
-0.1699999999999999	-0.1597164999478112
-0.16000000000000011	-0.16068711325510665
-0.14999999999999994	-0.1619295344636213
-0.1400000000000001	-0.16345433783329485
-0.1299999999999999	-0.16527257268742074
-0.12000000000000012	-0.16739578599684254
-0.10999999999999988	-0.16983604605834263
-0.10000000000000006	-0.17260596731982109
-0.08999999999999986	-0.17571873640742364
-0.08000000000000007	-0.17918813941215408
-0.06999999999999984	-0.18302859049652317
-0.060000000000000026	-0.18725516188427743
-0.04999999999999982	-0.19188361529926234
-0.04000000000000004	-0.19693043492268322
-0.029999999999999808	-0.20241286194116354
-0.020000000000000028	-0.20834893076101696
-0.009999999999999808	-0.21475750696835616
0.	-0.22165832711754746
0.010000000000000269	-0.2290720404349489
0.02000000000000003	-0.23702025252835562
0.03000000000000027	-0.24552557119731225
0.04000000000000003	-0.25461165444328154
0.05000000000000031	-0.2643032607836606
0.060000000000000026	-0.2746263019780902
0.07000000000000033	-0.28560789828105404
0.0800000000000001	-0.2972764363390282
0.08999999999999987	-0.3096616298574325
0.1000000000000001	-0.32279458316684295
0.10999999999999988	-0.336707857825158
0.12000000000000012	-0.35143554239832636
0.1299999999999999	-0.36701332556883165
0.14000000000000012	-0.3834785727285025
0.14999999999999988	-0.40087040621922365
0.16000000000000011	-0.4192297893934476
0.16999999999999993	-0.4385996146739432
0.18000000000000013	-0.4590247958015047
0.18999999999999997	-0.48055236446806515
0.20000000000000015	-0.5032315715425156
0.20999999999999994	-0.5271139931065663
0.22000000000000017	-0.5522536415287459
0.23	-0.5787070818163607
0.24000000000000019	-0.6065335534964247
0.25	-0.6357950982905951
0.26000000000000023	-0.6665566938610074
0.27	-0.6988863939196946
0.28000000000000025	-0.7328554750081627
0.29000000000000004	-0.7685385902704782
0.30000000000000027	-0.8060139305590692
0.31000000000000005	-0.8453633932316301
0.3200000000000003	-0.8866727590147127
0.3300000000000001	-0.9300318773310047
0.3399999999999998	-0.9755348605072192
0.35000000000000003	-1.0232802873025608
0.3599999999999999	-1.0733714162234664
0.37000000000000016	-1.1259164091050184
0.3799999999999999	-1.1810285654769914
0.3900000000000001	-1.238826568316632
0.3999999999999999	-1.2994347416161993
0.4100000000000002	-1.362983320572479
0.4199999999999999	-1.4296087349072566
0.4300000000000002	-1.4994539060777852
0.43999999999999995	-1.572668559108214
0.4500000000000002	-1.6494095498439023
0.4599999999999999	-1.7298412084938186
0.4700000000000002	-1.8141357003951095
0.48	-1.902473405016515
0.4900000000000002	-1.995043314311116
0.5	-2.092043451629328
0.5100000000000002	-2.1936813125286325
0.52	-2.300174328952747
0.5300000000000002	-2.411750358399475
0.54	-2.5286481998971726
0.5500000000000003	-2.651118138798916
0.56	-2.779422522648512
0.5700000000000003	-2.9138363706790478
0.5800000000000001	-3.0546480198206853
0.5899999999999999	-3.2021598105141362
0.6000000000000001	-3.356688816115783
0.6099999999999999	-3.518567620309913
0.6200000000000001	-3.688145147621061
0.6299999999999999	-3.8657875531614825
0.6400000000000001	-4.051879178738123
0.6499999999999999	-4.246823584089295
0.6600000000000001	-4.451044663789671
0.6699999999999999	-4.664987862257743
0.6800000000000002	-4.889121504137131
0.69	-5.12393825733237
0.7000000000000002	-5.369956758141417
0.71	-5.627723424807374
0.7200000000000002	-5.897814505038831
0.73	-6.1808384235728635
0.7400000000000002	-6.477438471580906
0.75	-6.788296005091597
0.7600000000000002	-7.114134237116686
0.77	-7.455723099465132
0.7800000000000002	-7.813884940889611
0.79	-8.189502440183427
0.8000000000000003	-8.583527907072995
0.81	-8.996980917722235
0.8200000000000003	-9.430911255921492
0.8300000000000001	-9.886125610135814
0.8399999999999999	-10.362087429519297
0.8500000000000001	-10.852639675875254
0.8599999999999999	-11.333884338131739
0.8700000000000001	-11.753142278817698
0.8799999999999999	-12.076231527684687
0.8900000000000001	-12.412085107073683
0.98	-12.697286269939818
0.9900000000000002	-12.301768018198855
1.	-12.17472899781717
1.0099999999999998	-12.163544668900558
1.0200000000000005	-12.236205189101133
1.0300000000000002	-12.397252825588735
1.04	-12.715992878570484
1.0499999999999998	-14.220677423212079
1.13	-13.351055111409647
1.1399999999999997	-12.820819347089648
1.1500000000000004	-12.605569840256441
1.1600000000000001	-12.499005668269966
1.17	-12.4768590758938
1.1799999999999997	-12.542562949451137
1.1900000000000004	-12.757842597634346
1.2000000000000002	-14.002700637917533
1.2800000000000002	-13.08648390867436
1.29	-12.624458834047577
1.2999999999999998	-12.483905688945985
1.3100000000000005	-12.461017244801912
1.3200000000000003	-12.525767097227018
1.33	-12.67700140236737
1.3399999999999999	-12.970169189628168
1.3500000000000005	-13.945269626655968
1.4299999999999997	-13.791759444167601
1.4400000000000004	-13.151320840912238
1.4500000000000002	-12.922846348912882
1.46	-12.807234247238592
1.4699999999999998	-12.77551702470693
1.4800000000000004	-12.83160375786458
1.4900000000000002	-13.024094014546623
1.5	-13.85617615078976
1.58	-13.500315516613679
1.5899999999999999	-12.950637028415116
1.6000000000000005	-12.791703892380166
1.6100000000000003	-12.760770247990406
1.62	-12.815738291422724
1.63	-12.958097898252682
1.6399999999999997	-13.230349938632152
1.6500000000000004	-13.975579383198125
1.7300000000000004	-14.225073637200351
1.7400000000000002	-13.484708690939945
1.75	-13.242245764316545
1.7599999999999998	-13.128066568532295
1.7700000000000005	-13.07495318888364
1.7800000000000002	-13.121986844245008
1.79	-13.291892277615382
1.7999999999999998	-13.932114028072832
1.88	-14.006473760720205
1.8899999999999997	-13.293698351141014
1.9000000000000004	-13.113343836795776
1.9100000000000001	-13.07096354544285
1.92	-12.701279270672904
1.9299999999999997	-12.626287698063033
1.9500000000000002	-13.173267043588726