60 00 32
60 00 34
60 00 36
60 00 38
60 00 40
62 00 32
62 00 34
62 00 36
62 00 38
62 00 40
64 00 32
64 00 34
64 00 36
64 00 38
64 00 40
66 00 30
66 00 32
66 00 34
66 00 36
66 00 38
66 00 40
68 00 30
68 00 32
68 00 34
68 00 36
68 00 38
70 00 30
70 00 32
70 00 34
70 00 36
70 00 38
70 00 40
72 00 28
72 00 30
72 00 32
72 00 34
72 00 36
74 00 26
74 00 28
74 00 30
74 00 32
74 00 34
74 00 36
76 00 26
76 00 28
76 00 30
76 00 32
76 00 34
78 00 26
78 00 28
78 00 30
78 00 32
78 00 34
80 00 26
80 00 28
80 00 30
80 00 32
80 00 34
80 00 36
82 00 26
82 00 28
82 00 30
82 00 32
82 00 34
82 00 36
84 00 28
84 00 30
84 00 32
84 00 34
84 00 36
86 00 28
86 00 30
86 00 32
86 00 34
86 00 36
88 00 28
88 00 30
88 00 32
88 00 34
88 00 36
90 00 30
90 00 32
90 00 34
90 00 36
90 00 38